551 618 1.0364498 3.88481 0 0
618 676 1.0580709 3.9370079 0 1
676 744 1.0364498 3.9892057 0 2
744 811 11.4832352 0.3671585 0 3
811 878 11.5876309 0.3671585 0 4
878 945 11.5876309 0.2627628 0 5
945 1002 11.5354331 0.2411417 0 6
1002 1061 11.609252 4.015748 0 7
1061 1130 11.5876309 3.9635502 0 8
1130 1187 11.5354331 0.3887795 0 9
1187 1244 11.4616142 0.3149606 0 10
1244 1301 0.9104331 0.3937008 0 11
1301 1360 11.5354331 3.9419291 0 12
1360 1419 11.5354331 4.0895669 0 13
1419 1486 11.4832352 0.2627628 0 14
1486 1555 11.5876309 4.0679459 0 15
1555 1612 11.609252 0.3149606 0 16
1612 1679 0.9320541 0.4458986 0 17
1679 1745 0.9320541 0.341503 0 18
1745 1803 6.3336614 0.511811 0 19
1803 1871 6.3120404 0.4596132 0 20
1871 1930 11.4616142 4.015748 0 21
1930 1998 6.3120404 0.5640089 0 22
1998 2056 6.2598425 0.5856299 0 23
2056 2124 6.2076447 0.4596132 0 24
2124 2192 6.2076447 0.5640089 0 25
2192 2250 6.1860236 0.511811 0 26
2250 2308 6.3336614 2.7559055 0 27
2308 2376 6.3120404 2.7037077 0 28
2376 2444 6.3120404 2.8081033 0 29
2444 2502 6.2598425 2.6820866 0 30
2502 2560 6.2598425 2.8297244 0 31
2560 2628 6.2076447 2.7037077 0 32
2628 2686 0.9104331 3.9370079 0 33
2686 2754 0.9320541 3.9892057 0 34
2754 2821 0.9320541 3.88481 0 35
2821 2879 0.984252 4.0108268 0 36
2879 2936 0.984252 3.863189 0 37
2936 3005 11.4832352 3.9635502 0 38
3005 3074 11.4832352 4.0679459 0 39
3074 3142 6.2076447 2.8081033 0 40
3142 3198 0.984252 0.3198819 0 41
3198 3256 6.2598425 0.4379921 0 42
3256 3313 0.984252 0.4675197 0 43
3313 3370 1.0580709 0.3937008 0 44
3370 3437 1.0364498 0.4458986 0 45
3437 3503 1.0364498 0.341503 0 46
3503 3561 6.1860236 2.7559055 0 47
3561 3619 0.7933071 0.4956693 0 48
3619 3679 0.6183071 0.5206693 0 49
3679 3739 0.7683071 0.4706693 0 50
3739 3799 0.7683071 0.5206693 0 51
3799 3857 0.7433071 0.4956693 0 52
3857 3917 0.7183071 0.4706693 0 53
3917 3977 0.7183071 0.5206693 0 54
3977 4035 0.6933071 0.4956693 0 55
4035 4095 0.6683071 0.4706693 0 56
4095 4155 0.6683071 0.5206693 0 57
4155 4213 0.6433071 0.4956693 0 58
4213 4273 0.6183071 0.4706693 0 59
4273 4331 0.5933071 0.4956693 0 60
4331 4391 1.0962598 2.4273622 0 61
4391 4451 1.0962598 2.5061024 0 62
4451 4511 1.0962598 2.4667323 0 63
4511 4568 6.0787402 1.480315 0 64
4568 4628 2.8454724 1.2903543 0 65
4628 4682 0.7519685 0.6692913 0 66
4682 4739 11.0748031 3.2204724 0 67
4739 4794 6.0787402 1.5748031 0 68
4794 4851 6.0787402 1.511811 0 69
4851 4908 6.0787402 1.5433071 0 70
4908 4962 1.023622 1.3740157 0 71
4962 5018 1.0551181 1.3740157 0 72
5018 5074 0.7519685 0.7007874 0 73
5074 5130 0.5433071 0.6259843 0 74
5130 5190 1.0314961 1.3602362 0 75
5190 5250 1.015748 1.3602362 0 76
5250 5311 4.4055118 2.0070866 0 77
5311 5382 7.1023549 2.0114149 0 78
5382 5451 0.3463658 0.3345548 0 79
5451 5511 11.0787402 3.6338583 0 80
